70 , 0 , 0   , 0   , 0  , 0  , 0  , 0  , 0  , 0  , 0 , 0 , 0 , 0 , 0 , 0 , 0 , 0 , 0  , 1   , 1
48 , 0 , 2   , 3   , 0  , 0  , 0  , 0  , 0  , 0  , 0 , 0 , 0 , 0 , 0 , 0 , 0 , 0 , 0  , 0   , 1
4  , 0 , 20  , 0   , 0  , 0  , 0  , 0  , 0  , 0  , 3 , 0 , 0 , 0 , 0 , 0 , 0 , 0 , 21 , 0   , 0
0  , 0 , 61  , 51  , 0  , 0  , 0  , 0  , 0  , 0  , 0 , 0 , 0 , 0 , 0 , 0 , 2 , 0 , 0  , 0   , 0
0  , 0 , 3   , 55  , 0  , 0  , 0  , 0  , 0  , 0  , 0 , 0 , 0 , 0 , 0 , 0 , 0 , 0 , 0  , 4   , 0
0  , 0 , 40  , 0   , 3  , 0  , 0  , 0  , 0  , 0  , 0 , 0 , 0 , 0 , 0 , 0 , 3 , 0 , 0  , 0   , 0
0  , 0 , 113 , 0   , 0  , 0  , 0  , 0  , 0  , 0  , 0 , 0 , 0 , 0 , 0 , 0 , 0 , 0 , 0  , 114 , 1
0  , 0 , 3   , 81  , 0  , 0  , 0  , 0  , 0  , 0  , 0 , 0 , 0 , 0 , 0 , 0 , 0 , 0 , 0  , 0   , 0
0  , 0 , 100 , 100 , 0  , 0  , 0  , 0  , 0  , 0  , 2 , 0 , 0 , 0 , 0 , 0 , 0 , 0 , 0  , 0   , 0
0  , 0 , 0   , 34  , 35 , 35 , 35 , 35 , 35 , 35 , 0 , 1 , 1 , 1 , 1 , 1 , 1 , 1 , 0  , 0   , 0
0  , 0 , 0   , 0   , 0  , 0  , 0  , 0  , 0  , 0  , 0 , 0 , 0 , 0 , 0 , 0 , 0 , 0 , 0  , 0   , 0

71 , 0 , 0   , 0   , 0  , 0  , 0  , 0  , 0  , 0  , 0 , 0 , 0 , 0 , 0 , 0 , 0 , 0 , 0  , 0   , 0
0  , 0 , 0   , 0   , 0  , 0  , 0  , 0  , 0  , 0  , 0 , 0 , 0 , 0 , 0 , 0 , 0 , 0 , 0  , 0   , 0
0  , 0 , 0   , 0   , 0  , 0  , 0  , 0  , 0  , 0  , 0 , 0 , 0 , 0 , 0 , 0 , 0 , 0 , 0  , 0   , 0
0  , 0 , 0   , 0   , 0  , 0  , 0  , 0  , 0  , 0  , 0 , 0 , 0 , 0 , 0 , 0 , 0 , 0 , 0  , 0   , 0
0  , 0 , 0   , 0   , 0  , 0  , 0  , 0  , 0  , 0  , 0 , 0 , 0 , 0 , 0 , 0 , 0 , 0 , 0  , 0   , 0
0  , 0 , 0   , 0   , 0  , 0  , 0  , 0  , 0  , 0  , 0 , 0 , 0 , 0 , 0 , 0 , 0 , 0 , 0  , 0   , 0
0  , 0 , 0   , 0   , 0  , 0  , 0  , 0  , 0  , 0  , 0 , 0 , 0 , 0 , 0 , 0 , 0 , 0 , 0  , 0   , 0
0  , 0 , 0   , 82  , 0  , 0  , 0  , 0  , 0  , 0  , 0 , 0 , 0 , 0 , 0 , 0 , 0 , 0 , 0  , 0   , 0
0  , 0 , 0   , 0   , 0  , 0  , 0  , 0  , 0  , 0  , 2 , 0 , 0 , 0 , 0 , 0 , 0 , 0 , 0  , 0   , 0
0  , 0 , 0   , 0   , 0  , 0  , 0  , 0  , 0  , 0  , 0 , 0 , 0 , 0 , 0 , 0 , 0 , 0 , 0  , 0   , 0
0  , 0 , 0   , 0   , 0  , 0  , 0  , 0  , 0  , 0  , 0 , 0 , 0 , 0 , 0 , 0 , 0 , 0 , 0  , 0   , 0